Rule,conditions,neg. predictions,nominal != operator,nominal == operator,nominal conditions,numerical <= operator,numerical > operator,numerical conditions,ordinal <= operator,ordinal > operator,ordinal conditions,pos. predictions,predictions
Rule 1 (Default rule),0,0,0,0,0,0,0,0,0,0,0,6,6
Rule 2,2,0,0,0,0,0,2,2,0,0,0,6,6
Rule 3,2,0,0,0,0,2,0,2,0,0,0,6,6
Rule 4,2,0,0,0,0,1,1,2,0,0,0,6,6
Rule 5,3,0,0,0,0,0,3,3,0,0,0,6,6
Rule 6,3,6,0,0,0,2,1,3,0,0,0,0,6
Rule 7,2,1,0,0,0,1,1,2,0,0,0,5,6
Rule 8,5,6,0,0,0,4,1,5,0,0,0,0,6
Rule 9,3,0,0,0,0,1,2,3,0,0,0,6,6
Rule 10,5,3,0,0,0,3,2,5,0,0,0,3,6
Rule 11,8,6,0,0,0,8,0,8,0,0,0,0,6
Rule 12,6,2,0,0,0,5,1,6,0,0,0,4,6
Rule 13,5,0,0,0,0,1,4,5,0,0,0,6,6
Rule 14,4,4,0,0,0,1,3,4,0,0,0,2,6
Rule 15,6,6,0,0,0,4,2,6,0,0,0,0,6
Rule 16,1,4,0,0,0,1,0,1,0,0,0,2,6
Rule 17,3,2,0,0,0,1,2,3,0,0,0,4,6
Rule 18,6,4,0,0,0,4,2,6,0,0,0,2,6
Rule 19,1,1,0,0,0,0,1,1,0,0,0,5,6
Rule 20,4,0,0,0,0,2,2,4,0,0,0,6,6
Rule 21,4,1,0,0,0,2,2,4,0,0,0,5,6
Rule 22,5,3,0,0,0,3,2,5,0,0,0,3,6
Rule 23,5,4,0,0,0,1,4,5,0,0,0,2,6
Rule 24,6,5,0,0,0,4,2,6,0,0,0,1,6
Rule 25,1,4,0,0,0,1,0,1,0,0,0,2,6
Rule 26,1,5,0,0,0,0,1,1,0,0,0,1,6
Rule 27,3,6,0,0,0,2,1,3,0,0,0,0,6
Rule 28,2,2,0,0,0,1,1,2,0,0,0,4,6
Rule 29,3,3,0,0,0,1,2,3,0,0,0,3,6
Rule 30,11,4,0,0,0,5,6,11,0,0,0,2,6
Rule 31,9,6,0,0,0,5,4,9,0,0,0,0,6
Rule 32,2,3,0,0,0,0,2,2,0,0,0,3,6
Rule 33,1,5,0,0,0,0,1,1,0,0,0,1,6
Rule 34,1,3,0,0,0,0,1,1,0,0,0,3,6
Rule 35,5,4,0,0,0,2,3,5,0,0,0,2,6
Rule 36,1,5,0,0,0,0,1,1,0,0,0,1,6
Rule 37,1,4,0,0,0,0,1,1,0,0,0,2,6
Rule 38,3,2,0,0,0,1,2,3,0,0,0,4,6
Rule 39,3,0,0,0,0,1,2,3,0,0,0,6,6
Rule 40,2,2,0,0,0,0,2,2,0,0,0,4,6
Rule 41,2,3,0,0,0,1,1,2,0,0,0,3,6
Rule 42,6,6,0,0,0,3,3,6,0,0,0,0,6
Rule 43,8,0,0,0,0,3,5,8,0,0,0,6,6
Rule 44,7,4,0,0,0,4,3,7,0,0,0,2,6
Rule 45,2,1,0,0,0,2,0,2,0,0,0,5,6
Rule 46,1,3,0,0,0,0,1,1,0,0,0,3,6
Rule 47,10,4,0,0,0,6,4,10,0,0,0,2,6
Rule 48,1,5,0,0,0,0,1,1,0,0,0,1,6
Rule 49,1,3,0,0,0,0,1,1,0,0,0,3,6
Rule 50,4,4,0,0,0,1,3,4,0,0,0,2,6
Rule 51,3,2,0,0,0,1,2,3,0,0,0,4,6
Rule 52,7,1,0,0,0,2,5,7,0,0,0,5,6
Rule 53,5,4,0,0,0,2,3,5,0,0,0,2,6
Rule 54,2,2,0,0,0,1,1,2,0,0,0,4,6
Rule 55,3,0,0,0,0,1,2,3,0,0,0,6,6
Rule 56,9,6,0,0,0,5,4,9,0,0,0,0,6
Rule 57,5,4,0,0,0,3,2,5,0,0,0,2,6
Rule 58,1,3,0,0,0,0,1,1,0,0,0,3,6
Rule 59,2,2,0,0,0,0,2,2,0,0,0,4,6
Rule 60,2,2,0,0,0,1,1,2,0,0,0,4,6
Rule 61,1,3,0,0,0,0,1,1,0,0,0,3,6
Rule 62,1,2,0,0,0,0,1,1,0,0,0,4,6
Rule 63,2,2,0,0,0,1,1,2,0,0,0,4,6
Rule 64,7,2,0,0,0,3,4,7,0,0,0,4,6
Rule 65,3,2,0,0,0,2,1,3,0,0,0,4,6
Rule 66,1,5,0,0,0,0,1,1,0,0,0,1,6
Rule 67,1,1,0,0,0,1,0,1,0,0,0,5,6
Rule 68,3,2,0,0,0,1,2,3,0,0,0,4,6
Rule 69,8,6,0,0,0,5,3,8,0,0,0,0,6
Rule 70,1,4,0,0,0,0,1,1,0,0,0,2,6
Rule 71,4,3,0,0,0,1,3,4,0,0,0,3,6
Rule 72,5,0,0,0,0,3,2,5,0,0,0,6,6
Rule 73,5,6,0,0,0,2,3,5,0,0,0,0,6
Rule 74,6,0,0,0,0,5,1,6,0,0,0,6,6
Rule 75,7,5,0,0,0,2,5,7,0,0,0,1,6
Rule 76,11,4,0,0,0,6,5,11,0,0,0,2,6
Rule 77,2,1,0,0,0,1,1,2,0,0,0,5,6
Rule 78,1,4,0,0,0,0,1,1,0,0,0,2,6
Rule 79,6,0,0,0,0,3,3,6,0,0,0,6,6
Rule 80,6,4,0,0,0,3,3,6,0,0,0,2,6
Rule 81,8,1,0,0,0,6,2,8,0,0,0,5,6
Rule 82,1,1,0,0,0,1,0,1,0,0,0,5,6
Rule 83,1,4,0,0,0,0,1,1,0,0,0,2,6
Rule 84,2,1,0,0,0,1,1,2,0,0,0,5,6
Rule 85,2,2,0,0,0,1,1,2,0,0,0,4,6
Rule 86,9,6,0,0,0,4,5,9,0,0,0,0,6
Rule 87,1,4,0,0,0,0,1,1,0,0,0,2,6
Rule 88,2,4,0,0,0,1,1,2,0,0,0,2,6
Rule 89,11,0,0,0,0,6,5,11,0,0,0,6,6
Rule 90,4,6,0,0,0,3,1,4,0,0,0,0,6
Rule 91,8,4,0,0,0,5,3,8,0,0,0,2,6
Rule 92,3,3,0,0,0,2,1,3,0,0,0,3,6
Rule 93,1,4,0,0,0,0,1,1,0,0,0,2,6
Rule 94,2,2,0,0,0,2,0,2,0,0,0,4,6
Rule 95,1,2,0,0,0,0,1,1,0,0,0,4,6
Rule 96,4,2,0,0,0,1,3,4,0,0,0,4,6
Rule 97,5,4,0,0,0,2,3,5,0,0,0,2,6
Rule 98,6,0,0,0,0,3,3,6,0,0,0,6,6
Rule 99,2,2,0,0,0,0,2,2,0,0,0,4,6
Rule 100,5,5,0,0,0,4,1,5,0,0,0,1,6
Rule 101,2,3,0,0,0,0,2,2,0,0,0,3,6
Rule 102,5,4,0,0,0,2,3,5,0,0,0,2,6
Rule 103,3,1,0,0,0,2,1,3,0,0,0,5,6
Rule 104,2,3,0,0,0,1,1,2,0,0,0,3,6
Rule 105,8,3,0,0,0,5,3,8,0,0,0,3,6
Rule 106,3,5,0,0,0,1,2,3,0,0,0,1,6
Rule 107,2,4,0,0,0,1,1,2,0,0,0,2,6
Rule 108,4,3,0,0,0,1,3,4,0,0,0,3,6
Rule 109,2,2,0,0,0,1,1,2,0,0,0,4,6
Rule 110,7,5,0,0,0,5,2,7,0,0,0,1,6
Rule 111,2,3,0,0,0,0,2,2,0,0,0,3,6
Rule 112,3,2,0,0,0,2,1,3,0,0,0,4,6
Rule 113,3,1,0,0,0,2,1,3,0,0,0,5,6
Rule 114,3,1,0,0,0,2,1,3,0,0,0,5,6
Rule 115,7,1,0,0,0,5,2,7,0,0,0,5,6
Rule 116,2,4,0,0,0,1,1,2,0,0,0,2,6
Rule 117,2,1,0,0,0,1,1,2,0,0,0,5,6
Rule 118,1,1,0,0,0,0,1,1,0,0,0,5,6
Rule 119,3,5,0,0,0,1,2,3,0,0,0,1,6
Rule 120,3,5,0,0,0,2,1,3,0,0,0,1,6
Rule 121,2,2,0,0,0,0,2,2,0,0,0,4,6
Rule 122,3,4,0,0,0,2,1,3,0,0,0,2,6
Rule 123,5,4,0,0,0,3,2,5,0,0,0,2,6
Rule 124,3,4,0,0,0,2,1,3,0,0,0,2,6
Rule 125,2,4,0,0,0,1,1,2,0,0,0,2,6
Rule 126,7,3,0,0,0,5,2,7,0,0,0,3,6
Rule 127,1,5,0,0,0,0,1,1,0,0,0,1,6
Rule 128,1,4,0,0,0,0,1,1,0,0,0,2,6
Rule 129,2,5,0,0,0,1,1,2,0,0,0,1,6
Rule 130,1,2,0,0,0,1,0,1,0,0,0,4,6
Rule 131,5,3,0,0,0,4,1,5,0,0,0,3,6
Rule 132,9,0,0,0,0,4,5,9,0,0,0,6,6
Rule 133,1,1,0,0,0,0,1,1,0,0,0,5,6
Rule 134,8,3,0,0,0,3,5,8,0,0,0,3,6
Rule 135,4,3,0,0,0,3,1,4,0,0,0,3,6
Rule 136,1,4,0,0,0,0,1,1,0,0,0,2,6
Rule 137,1,3,0,0,0,0,1,1,0,0,0,3,6
Rule 138,4,3,0,0,0,1,3,4,0,0,0,3,6
Rule 139,8,5,0,0,0,4,4,8,0,0,0,1,6
Rule 140,2,1,0,0,0,0,2,2,0,0,0,5,6
Rule 141,6,2,0,0,0,4,2,6,0,0,0,4,6
Rule 142,10,3,0,0,0,3,7,10,0,0,0,3,6
Rule 143,6,4,0,0,0,5,1,6,0,0,0,2,6
Rule 144,3,0,0,0,0,2,1,3,0,0,0,6,6
Rule 145,4,1,0,0,0,1,3,4,0,0,0,5,6
Rule 146,6,4,0,0,0,3,3,6,0,0,0,2,6
Rule 147,2,4,0,0,0,1,1,2,0,0,0,2,6
Rule 148,4,5,0,0,0,3,1,4,0,0,0,1,6
Rule 149,1,0,0,0,0,0,1,1,0,0,0,6,6
Rule 150,2,1,0,0,0,0,2,2,0,0,0,5,6
Rule 151,7,5,0,0,0,5,2,7,0,0,0,1,6
Rule 152,2,2,0,0,0,0,2,2,0,0,0,4,6
Rule 153,3,1,0,0,0,1,2,3,0,0,0,5,6
Rule 154,5,2,0,0,0,2,3,5,0,0,0,4,6
Rule 155,3,1,0,0,0,0,3,3,0,0,0,5,6
Rule 156,1,1,0,0,0,0,1,1,0,0,0,5,6
Rule 157,1,4,0,0,0,0,1,1,0,0,0,2,6
Rule 158,4,4,0,0,0,2,2,4,0,0,0,2,6
Rule 159,3,0,0,0,0,2,1,3,0,0,0,6,6
Rule 160,3,5,0,0,0,2,1,3,0,0,0,1,6
Rule 161,4,4,0,0,0,2,2,4,0,0,0,2,6
Rule 162,2,4,0,0,0,1,1,2,0,0,0,2,6
Rule 163,2,3,0,0,0,1,1,2,0,0,0,3,6
Rule 164,2,3,0,0,0,1,1,2,0,0,0,3,6
Rule 165,1,2,0,0,0,0,1,1,0,0,0,4,6
Rule 166,4,5,0,0,0,2,2,4,0,0,0,1,6
Rule 167,2,2,0,0,0,1,1,2,0,0,0,4,6
Rule 168,5,3,0,0,0,3,2,5,0,0,0,3,6
Rule 169,6,4,0,0,0,5,1,6,0,0,0,2,6
Rule 170,2,2,0,0,0,0,2,2,0,0,0,4,6
Rule 171,2,4,0,0,0,0,2,2,0,0,0,2,6
Rule 172,2,2,0,0,0,1,1,2,0,0,0,4,6
Rule 173,16,1,0,0,0,8,8,16,0,0,0,5,6
Rule 174,4,5,0,0,0,3,1,4,0,0,0,1,6
Rule 175,2,1,0,0,0,2,0,2,0,0,0,5,6
Rule 176,3,2,0,0,0,2,1,3,0,0,0,4,6
Rule 177,2,4,0,0,0,2,0,2,0,0,0,2,6
Rule 178,2,2,0,0,0,0,2,2,0,0,0,4,6
Rule 179,5,4,0,0,0,3,2,5,0,0,0,2,6
Rule 180,2,2,0,0,0,1,1,2,0,0,0,4,6
Rule 181,1,1,0,0,0,0,1,1,0,0,0,5,6
Rule 182,1,4,0,0,0,0,1,1,0,0,0,2,6
Rule 183,1,2,0,0,0,0,1,1,0,0,0,4,6
Rule 184,3,4,0,0,0,1,2,3,0,0,0,2,6
Rule 185,4,3,0,0,0,1,3,4,0,0,0,3,6
Rule 186,4,4,0,0,0,2,2,4,0,0,0,2,6
Rule 187,4,5,0,0,0,3,1,4,0,0,0,1,6
Rule 188,3,2,0,0,0,2,1,3,0,0,0,4,6
Rule 189,5,5,0,0,0,3,2,5,0,0,0,1,6
Rule 190,2,2,0,0,0,1,1,2,0,0,0,4,6
Rule 191,2,4,0,0,0,1,1,2,0,0,0,2,6
Rule 192,2,0,0,0,0,1,1,2,0,0,0,6,6
Rule 193,2,4,0,0,0,1,1,2,0,0,0,2,6
Rule 194,4,2,0,0,0,1,3,4,0,0,0,4,6
Rule 195,2,1,0,0,0,1,1,2,0,0,0,5,6
Rule 196,2,4,0,0,0,1,1,2,0,0,0,2,6
Rule 197,2,2,0,0,0,0,2,2,0,0,0,4,6
Rule 198,3,5,0,0,0,3,0,3,0,0,0,1,6
Rule 199,7,4,0,0,0,4,3,7,0,0,0,2,6
Rule 200,2,3,0,0,0,0,2,2,0,0,0,3,6
Rule 201,3,2,0,0,0,0,3,3,0,0,0,4,6
Rule 202,2,2,0,0,0,1,1,2,0,0,0,4,6
Rule 203,2,4,0,0,0,0,2,2,0,0,0,2,6
Rule 204,9,3,0,0,0,5,4,9,0,0,0,3,6
Rule 205,1,4,0,0,0,0,1,1,0,0,0,2,6
Rule 206,11,3,0,0,0,5,6,11,0,0,0,3,6
Rule 207,7,5,0,0,0,6,1,7,0,0,0,1,6
Rule 208,7,1,0,0,0,4,3,7,0,0,0,5,6
Rule 209,1,4,0,0,0,1,0,1,0,0,0,2,6
Rule 210,2,5,0,0,0,0,2,2,0,0,0,1,6
Rule 211,9,2,0,0,0,4,5,9,0,0,0,4,6
Rule 212,1,3,0,0,0,0,1,1,0,0,0,3,6
Rule 213,5,0,0,0,0,2,3,5,0,0,0,6,6
Rule 214,4,2,0,0,0,1,3,4,0,0,0,4,6
Rule 215,3,1,0,0,0,3,0,3,0,0,0,5,6
Rule 216,4,5,0,0,0,3,1,4,0,0,0,1,6
Rule 217,9,5,0,0,0,6,3,9,0,0,0,1,6
Rule 218,5,2,0,0,0,3,2,5,0,0,0,4,6
Rule 219,3,2,0,0,0,2,1,3,0,0,0,4,6
Rule 220,11,6,0,0,0,7,4,11,0,0,0,0,6
Rule 221,2,2,0,0,0,2,0,2,0,0,0,4,6
Rule 222,1,1,0,0,0,0,1,1,0,0,0,5,6
Rule 223,7,4,0,0,0,5,2,7,0,0,0,2,6
Rule 224,5,1,0,0,0,2,3,5,0,0,0,5,6
Rule 225,2,4,0,0,0,0,2,2,0,0,0,2,6
Rule 226,7,3,0,0,0,3,4,7,0,0,0,3,6
Rule 227,3,3,0,0,0,1,2,3,0,0,0,3,6
Rule 228,2,1,0,0,0,1,1,2,0,0,0,5,6
Rule 229,3,3,0,0,0,3,0,3,0,0,0,3,6
Rule 230,5,5,0,0,0,1,4,5,0,0,0,1,6
Rule 231,10,1,0,0,0,6,4,10,0,0,0,5,6
Rule 232,11,2,0,0,0,6,5,11,0,0,0,4,6
Rule 233,2,1,0,0,0,1,1,2,0,0,0,5,6
Rule 234,2,5,0,0,0,1,1,2,0,0,0,1,6
Rule 235,3,3,0,0,0,1,2,3,0,0,0,3,6
Rule 236,4,5,0,0,0,2,2,4,0,0,0,1,6
Rule 237,2,0,0,0,0,1,1,2,0,0,0,6,6
Rule 238,2,2,0,0,0,0,2,2,0,0,0,4,6
Rule 239,2,4,0,0,0,1,1,2,0,0,0,2,6
Rule 240,2,3,0,0,0,1,1,2,0,0,0,3,6
Rule 241,5,6,0,0,0,3,2,5,0,0,0,0,6
Rule 242,6,4,0,0,0,3,3,6,0,0,0,2,6
Rule 243,4,3,0,0,0,3,1,4,0,0,0,3,6
Rule 244,5,2,0,0,0,3,2,5,0,0,0,4,6
Rule 245,4,5,0,0,0,1,3,4,0,0,0,1,6
Rule 246,12,2,0,0,0,6,6,12,0,0,0,4,6
Rule 247,3,3,0,0,0,1,2,3,0,0,0,3,6
Rule 248,4,0,0,0,0,2,2,4,0,0,0,6,6
Rule 249,3,2,0,0,0,2,1,3,0,0,0,4,6
Rule 250,2,5,0,0,0,1,1,2,0,0,0,1,6
Rule 251,4,4,0,0,0,3,1,4,0,0,0,2,6
Rule 252,4,3,0,0,0,3,1,4,0,0,0,3,6
Rule 253,1,0,0,0,0,1,0,1,0,0,0,6,6
Rule 254,1,4,0,0,0,0,1,1,0,0,0,2,6
Rule 255,2,3,0,0,0,0,2,2,0,0,0,3,6
Rule 256,6,4,0,0,0,3,3,6,0,0,0,2,6
Rule 257,5,3,0,0,0,4,1,5,0,0,0,3,6
Rule 258,10,5,0,0,0,4,6,10,0,0,0,1,6
Rule 259,8,2,0,0,0,2,6,8,0,0,0,4,6
Rule 260,2,4,0,0,0,2,0,2,0,0,0,2,6
Rule 261,4,6,0,0,0,2,2,4,0,0,0,0,6
Rule 262,4,3,0,0,0,3,1,4,0,0,0,3,6
Rule 263,7,2,0,0,0,3,4,7,0,0,0,4,6
Rule 264,2,5,0,0,0,2,0,2,0,0,0,1,6
Rule 265,1,2,0,0,0,1,0,1,0,0,0,4,6
Rule 266,2,3,0,0,0,1,1,2,0,0,0,3,6
Rule 267,3,3,0,0,0,2,1,3,0,0,0,3,6
Rule 268,5,3,0,0,0,3,2,5,0,0,0,3,6
Rule 269,2,2,0,0,0,0,2,2,0,0,0,4,6
Rule 270,5,3,0,0,0,2,3,5,0,0,0,3,6
Rule 271,3,4,0,0,0,2,1,3,0,0,0,2,6
Rule 272,3,1,0,0,0,2,1,3,0,0,0,5,6
Rule 273,3,3,0,0,0,2,1,3,0,0,0,3,6
Rule 274,3,5,0,0,0,1,2,3,0,0,0,1,6
Rule 275,5,3,0,0,0,0,5,5,0,0,0,3,6
Rule 276,8,4,0,0,0,6,2,8,0,0,0,2,6
Rule 277,5,2,0,0,0,2,3,5,0,0,0,4,6
Rule 278,7,3,0,0,0,5,2,7,0,0,0,3,6
Rule 279,10,4,0,0,0,4,6,10,0,0,0,2,6
Rule 280,5,3,0,0,0,2,3,5,0,0,0,3,6
Rule 281,2,0,0,0,0,1,1,2,0,0,0,6,6
Rule 282,3,3,0,0,0,1,2,3,0,0,0,3,6
Rule 283,3,4,0,0,0,2,1,3,0,0,0,2,6
Rule 284,1,5,0,0,0,1,0,1,0,0,0,1,6
Rule 285,3,2,0,0,0,0,3,3,0,0,0,4,6
Rule 286,3,3,0,0,0,1,2,3,0,0,0,3,6
Rule 287,4,5,0,0,0,0,4,4,0,0,0,1,6
Rule 288,2,1,0,0,0,1,1,2,0,0,0,5,6
Rule 289,1,5,0,0,0,0,1,1,0,0,0,1,6
Rule 290,2,3,0,0,0,2,0,2,0,0,0,3,6
Rule 291,3,1,0,0,0,1,2,3,0,0,0,5,6
Rule 292,4,2,0,0,0,2,2,4,0,0,0,4,6
Rule 293,3,4,0,0,0,2,1,3,0,0,0,2,6
Rule 294,4,5,0,0,0,3,1,4,0,0,0,1,6
Rule 295,6,5,0,0,0,3,3,6,0,0,0,1,6
Rule 296,2,3,0,0,0,2,0,2,0,0,0,3,6
Rule 297,1,3,0,0,0,0,1,1,0,0,0,3,6
Rule 298,4,2,0,0,0,3,1,4,0,0,0,4,6
Rule 299,1,4,0,0,0,1,0,1,0,0,0,2,6
Rule 300,1,1,0,0,0,1,0,1,0,0,0,5,6
Rule 301,2,5,0,0,0,1,1,2,0,0,0,1,6
Rule 302,3,5,0,0,0,1,2,3,0,0,0,1,6
Rule 303,1,2,0,0,0,0,1,1,0,0,0,4,6
Rule 304,4,4,0,0,0,3,1,4,0,0,0,2,6
Rule 305,3,4,0,0,0,2,1,3,0,0,0,2,6
Rule 306,1,4,0,0,0,0,1,1,0,0,0,2,6
Rule 307,3,4,0,0,0,1,2,3,0,0,0,2,6
Rule 308,3,2,0,0,0,2,1,3,0,0,0,4,6
Rule 309,4,3,0,0,0,3,1,4,0,0,0,3,6
Rule 310,2,0,0,0,0,2,0,2,0,0,0,6,6
Rule 311,4,5,0,0,0,4,0,4,0,0,0,1,6
Rule 312,4,4,0,0,0,3,1,4,0,0,0,2,6
Rule 313,6,3,0,0,0,5,1,6,0,0,0,3,6
Rule 314,3,2,0,0,0,1,2,3,0,0,0,4,6
Rule 315,4,5,0,0,0,2,2,4,0,0,0,1,6
Rule 316,2,4,0,0,0,0,2,2,0,0,0,2,6
Rule 317,6,1,0,0,0,2,4,6,0,0,0,5,6
Rule 318,3,2,0,0,0,2,1,3,0,0,0,4,6
Rule 319,3,3,0,0,0,1,2,3,0,0,0,3,6
Rule 320,4,3,0,0,0,2,2,4,0,0,0,3,6
Rule 321,2,4,0,0,0,0,2,2,0,0,0,2,6
Rule 322,1,4,0,0,0,1,0,1,0,0,0,2,6
Rule 323,3,0,0,0,0,2,1,3,0,0,0,6,6
Rule 324,3,3,0,0,0,1,2,3,0,0,0,3,6
Rule 325,2,3,0,0,0,1,1,2,0,0,0,3,6
Rule 326,2,5,0,0,0,1,1,2,0,0,0,1,6
Rule 327,4,0,0,0,0,1,3,4,0,0,0,6,6
Rule 328,2,3,0,0,0,1,1,2,0,0,0,3,6
Rule 329,2,5,0,0,0,2,0,2,0,0,0,1,6
Rule 330,3,0,0,0,0,3,0,3,0,0,0,6,6
Rule 331,4,6,0,0,0,2,2,4,0,0,0,0,6
Rule 332,4,0,0,0,0,4,0,4,0,0,0,6,6
Rule 333,2,1,0,0,0,2,0,2,0,0,0,5,6
Rule 334,9,4,0,0,0,4,5,9,0,0,0,2,6
Rule 335,5,2,0,0,0,2,3,5,0,0,0,4,6
Rule 336,2,3,0,0,0,1,1,2,0,0,0,3,6
Rule 337,5,4,0,0,0,2,3,5,0,0,0,2,6
Rule 338,4,1,0,0,0,2,2,4,0,0,0,5,6
Rule 339,4,4,0,0,0,2,2,4,0,0,0,2,6
Rule 340,5,2,0,0,0,2,3,5,0,0,0,4,6
Rule 341,3,3,0,0,0,1,2,3,0,0,0,3,6
Rule 342,2,1,0,0,0,2,0,2,0,0,0,5,6
Rule 343,5,4,0,0,0,3,2,5,0,0,0,2,6
Rule 344,4,4,0,0,0,2,2,4,0,0,0,2,6
Rule 345,5,4,0,0,0,2,3,5,0,0,0,2,6
Rule 346,3,3,0,0,0,2,1,3,0,0,0,3,6
Rule 347,2,2,0,0,0,2,0,2,0,0,0,4,6
Rule 348,3,3,0,0,0,1,2,3,0,0,0,3,6
Rule 349,3,0,0,0,0,1,2,3,0,0,0,6,6
Rule 350,3,5,0,0,0,2,1,3,0,0,0,1,6
Rule 351,3,5,0,0,0,2,1,3,0,0,0,1,6
Rule 352,3,3,0,0,0,1,2,3,0,0,0,3,6
Rule 353,1,3,0,0,0,1,0,1,0,0,0,3,6
Rule 354,1,2,0,0,0,0,1,1,0,0,0,4,6
Rule 355,3,4,0,0,0,1,2,3,0,0,0,2,6
Rule 356,2,3,0,0,0,2,0,2,0,0,0,3,6
Rule 357,2,3,0,0,0,1,1,2,0,0,0,3,6
Rule 358,5,1,0,0,0,2,3,5,0,0,0,5,6
Rule 359,4,2,0,0,0,3,1,4,0,0,0,4,6
Rule 360,3,4,0,0,0,2,1,3,0,0,0,2,6
Rule 361,1,3,0,0,0,0,1,1,0,0,0,3,6
Rule 362,4,0,0,0,0,2,2,4,0,0,0,6,6
Rule 363,6,2,0,0,0,4,2,6,0,0,0,4,6
Rule 364,4,3,0,0,0,3,1,4,0,0,0,3,6
Rule 365,6,3,0,0,0,3,3,6,0,0,0,3,6
Rule 366,8,2,0,0,0,5,3,8,0,0,0,4,6
Rule 367,5,6,0,0,0,3,2,5,0,0,0,0,6
Rule 368,4,5,0,0,0,2,2,4,0,0,0,1,6
Rule 369,3,3,0,0,0,2,1,3,0,0,0,3,6
Rule 370,8,4,0,0,0,3,5,8,0,0,0,2,6
Rule 371,2,4,0,0,0,1,1,2,0,0,0,2,6
Rule 372,3,1,0,0,0,2,1,3,0,0,0,5,6
Rule 373,3,4,0,0,0,2,1,3,0,0,0,2,6
Rule 374,1,3,0,0,0,0,1,1,0,0,0,3,6
Rule 375,6,4,0,0,0,4,2,6,0,0,0,2,6
Rule 376,5,5,0,0,0,3,2,5,0,0,0,1,6
Rule 377,5,1,0,0,0,3,2,5,0,0,0,5,6
Rule 378,1,3,0,0,0,0,1,1,0,0,0,3,6
Rule 379,4,3,0,0,0,2,2,4,0,0,0,3,6
Rule 380,1,1,0,0,0,0,1,1,0,0,0,5,6
Rule 381,5,5,0,0,0,3,2,5,0,0,0,1,6
Rule 382,4,6,0,0,0,2,2,4,0,0,0,0,6
Rule 383,5,2,0,0,0,2,3,5,0,0,0,4,6
Rule 384,2,3,0,0,0,2,0,2,0,0,0,3,6
Rule 385,2,4,0,0,0,1,1,2,0,0,0,2,6
Rule 386,2,2,0,0,0,1,1,2,0,0,0,4,6
Rule 387,2,3,0,0,0,0,2,2,0,0,0,3,6
Rule 388,5,2,0,0,0,2,3,5,0,0,0,4,6
Rule 389,3,4,0,0,0,1,2,3,0,0,0,2,6
Rule 390,4,2,0,0,0,4,0,4,0,0,0,4,6
Rule 391,3,2,0,0,0,2,1,3,0,0,0,4,6
Rule 392,5,2,0,0,0,3,2,5,0,0,0,4,6
Rule 393,5,3,0,0,0,5,0,5,0,0,0,3,6
Rule 394,1,2,0,0,0,1,0,1,0,0,0,4,6
Rule 395,2,2,0,0,0,1,1,2,0,0,0,4,6
Rule 396,9,4,0,0,0,6,3,9,0,0,0,2,6
Rule 397,4,3,0,0,0,2,2,4,0,0,0,3,6
Rule 398,1,2,0,0,0,0,1,1,0,0,0,4,6
Rule 399,3,2,0,0,0,0,3,3,0,0,0,4,6
Rule 400,3,3,0,0,0,2,1,3,0,0,0,3,6
Rule 401,1,2,0,0,0,1,0,1,0,0,0,4,6
Rule 402,2,3,0,0,0,0,2,2,0,0,0,3,6
Rule 403,5,4,0,0,0,3,2,5,0,0,0,2,6
Rule 404,3,2,0,0,0,3,0,3,0,0,0,4,6
Rule 405,6,0,0,0,0,4,2,6,0,0,0,6,6
Rule 406,3,4,0,0,0,2,1,3,0,0,0,2,6
Rule 407,6,3,0,0,0,4,2,6,0,0,0,3,6
Rule 408,1,4,0,0,0,1,0,1,0,0,0,2,6
Rule 409,1,3,0,0,0,0,1,1,0,0,0,3,6
Rule 410,4,3,0,0,0,3,1,4,0,0,0,3,6
Rule 411,3,3,0,0,0,3,0,3,0,0,0,3,6
Rule 412,3,5,0,0,0,2,1,3,0,0,0,1,6
Rule 413,1,4,0,0,0,1,0,1,0,0,0,2,6
Rule 414,4,5,0,0,0,2,2,4,0,0,0,1,6
Rule 415,1,2,0,0,0,1,0,1,0,0,0,4,6
Rule 416,4,2,0,0,0,2,2,4,0,0,0,4,6
Rule 417,3,2,0,0,0,1,2,3,0,0,0,4,6
Rule 418,8,3,0,0,0,5,3,8,0,0,0,3,6
Rule 419,1,0,0,0,0,0,1,1,0,0,0,6,6
Rule 420,6,2,0,0,0,4,2,6,0,0,0,4,6
Rule 421,5,3,0,0,0,3,2,5,0,0,0,3,6
Rule 422,4,5,0,0,0,1,3,4,0,0,0,1,6
Rule 423,7,2,0,0,0,3,4,7,0,0,0,4,6
Rule 424,2,2,0,0,0,1,1,2,0,0,0,4,6
Rule 425,3,0,0,0,0,2,1,3,0,0,0,6,6
Rule 426,4,4,0,0,0,2,2,4,0,0,0,2,6
Rule 427,3,5,0,0,0,1,2,3,0,0,0,1,6
Rule 428,4,3,0,0,0,3,1,4,0,0,0,3,6
Rule 429,6,3,0,0,0,2,4,6,0,0,0,3,6
Rule 430,4,5,0,0,0,1,3,4,0,0,0,1,6
Rule 431,2,3,0,0,0,2,0,2,0,0,0,3,6
Rule 432,1,3,0,0,0,0,1,1,0,0,0,3,6
Rule 433,2,4,0,0,0,1,1,2,0,0,0,2,6
Rule 434,6,0,0,0,0,2,4,6,0,0,0,6,6
Rule 435,4,3,0,0,0,2,2,4,0,0,0,3,6
Rule 436,3,4,0,0,0,1,2,3,0,0,0,2,6
Rule 437,3,0,0,0,0,2,1,3,0,0,0,6,6
Rule 438,4,4,0,0,0,3,1,4,0,0,0,2,6
Rule 439,6,4,0,0,0,2,4,6,0,0,0,2,6
Rule 440,4,3,0,0,0,1,3,4,0,0,0,3,6
Rule 441,4,2,0,0,0,2,2,4,0,0,0,4,6
Rule 442,1,3,0,0,0,0,1,1,0,0,0,3,6
Rule 443,3,4,0,0,0,0,3,3,0,0,0,2,6
Rule 444,3,4,0,0,0,2,1,3,0,0,0,2,6
Rule 445,4,3,0,0,0,2,2,4,0,0,0,3,6
Rule 446,2,3,0,0,0,1,1,2,0,0,0,3,6
Rule 447,2,3,0,0,0,2,0,2,0,0,0,3,6
Rule 448,2,6,0,0,0,1,1,2,0,0,0,0,6
Rule 449,4,0,0,0,0,1,3,4,0,0,0,6,6
Rule 450,4,2,0,0,0,1,3,4,0,0,0,4,6
Rule 451,5,5,0,0,0,4,1,5,0,0,0,1,6
Rule 452,5,4,0,0,0,3,2,5,0,0,0,2,6
Rule 453,1,2,0,0,0,1,0,1,0,0,0,4,6
Rule 454,2,2,0,0,0,0,2,2,0,0,0,4,6
Rule 455,8,5,0,0,0,6,2,8,0,0,0,1,6
Rule 456,5,2,0,0,0,3,2,5,0,0,0,4,6
Rule 457,3,4,0,0,0,1,2,3,0,0,0,2,6
Rule 458,5,2,0,0,0,2,3,5,0,0,0,4,6
Rule 459,3,3,0,0,0,1,2,3,0,0,0,3,6
Rule 460,2,0,0,0,0,1,1,2,0,0,0,6,6
Rule 461,3,3,0,0,0,2,1,3,0,0,0,3,6
Rule 462,3,1,0,0,0,2,1,3,0,0,0,5,6
Rule 463,1,3,0,0,0,0,1,1,0,0,0,3,6
Rule 464,3,4,0,0,0,1,2,3,0,0,0,2,6
Rule 465,4,1,0,0,0,3,1,4,0,0,0,5,6
Rule 466,4,1,0,0,0,2,2,4,0,0,0,5,6
Rule 467,5,2,0,0,0,2,3,5,0,0,0,4,6
Rule 468,2,4,0,0,0,0,2,2,0,0,0,2,6
Rule 469,2,3,0,0,0,0,2,2,0,0,0,3,6
Rule 470,3,3,0,0,0,2,1,3,0,0,0,3,6
Rule 471,5,4,0,0,0,1,4,5,0,0,0,2,6
Rule 472,4,4,0,0,0,2,2,4,0,0,0,2,6
Rule 473,3,1,0,0,0,1,2,3,0,0,0,5,6
Rule 474,5,5,0,0,0,3,2,5,0,0,0,1,6
Rule 475,2,4,0,0,0,1,1,2,0,0,0,2,6
Rule 476,2,4,0,0,0,1,1,2,0,0,0,2,6
Rule 477,1,2,0,0,0,1,0,1,0,0,0,4,6
Rule 478,3,3,0,0,0,0,3,3,0,0,0,3,6
Rule 479,5,3,0,0,0,3,2,5,0,0,0,3,6
Rule 480,4,2,0,0,0,3,1,4,0,0,0,4,6
Rule 481,3,3,0,0,0,1,2,3,0,0,0,3,6
Rule 482,4,0,0,0,0,2,2,4,0,0,0,6,6
Rule 483,4,3,0,0,0,0,4,4,0,0,0,3,6
Rule 484,3,4,0,0,0,0,3,3,0,0,0,2,6
Rule 485,1,3,0,0,0,1,0,1,0,0,0,3,6
Rule 486,4,1,0,0,0,3,1,4,0,0,0,5,6
Rule 487,3,6,0,0,0,2,1,3,0,0,0,0,6
Rule 488,2,4,0,0,0,1,1,2,0,0,0,2,6
Rule 489,3,4,0,0,0,2,1,3,0,0,0,2,6
Rule 490,6,5,0,0,0,4,2,6,0,0,0,1,6
Rule 491,1,3,0,0,0,0,1,1,0,0,0,3,6
Rule 492,2,4,0,0,0,1,1,2,0,0,0,2,6
Rule 493,2,4,0,0,0,2,0,2,0,0,0,2,6
Rule 494,2,2,0,0,0,1,1,2,0,0,0,4,6
Rule 495,5,3,0,0,0,4,1,5,0,0,0,3,6
Rule 496,3,1,0,0,0,2,1,3,0,0,0,5,6
Rule 497,3,3,0,0,0,1,2,3,0,0,0,3,6
Rule 498,3,4,0,0,0,2,1,3,0,0,0,2,6
Rule 499,4,5,0,0,0,2,2,4,0,0,0,1,6
Rule 500,1,4,0,0,0,0,1,1,0,0,0,2,6
Rule 501,4,1,0,0,0,3,1,4,0,0,0,5,6
Rule 502,3,4,0,0,0,2,1,3,0,0,0,2,6
Rule 503,2,4,0,0,0,1,1,2,0,0,0,2,6
Rule 504,3,1,0,0,0,2,1,3,0,0,0,5,6
Rule 505,2,2,0,0,0,1,1,2,0,0,0,4,6
Rule 506,4,3,0,0,0,2,2,4,0,0,0,3,6
Rule 507,4,1,0,0,0,2,2,4,0,0,0,5,6
Rule 508,3,3,0,0,0,2,1,3,0,0,0,3,6
Rule 509,2,1,0,0,0,0,2,2,0,0,0,5,6
Rule 510,4,3,0,0,0,2,2,4,0,0,0,3,6
Rule 511,2,3,0,0,0,2,0,2,0,0,0,3,6
Rule 512,2,4,0,0,0,1,1,2,0,0,0,2,6
Rule 513,4,5,0,0,0,0,4,4,0,0,0,1,6
Rule 514,2,3,0,0,0,1,1,2,0,0,0,3,6
Rule 515,4,2,0,0,0,3,1,4,0,0,0,4,6
Rule 516,3,2,0,0,0,1,2,3,0,0,0,4,6
Rule 517,2,4,0,0,0,0,2,2,0,0,0,2,6
Rule 518,6,3,0,0,0,5,1,6,0,0,0,3,6
Rule 519,1,6,0,0,0,1,0,1,0,0,0,0,6
Rule 520,3,6,0,0,0,1,2,3,0,0,0,0,6
Rule 521,7,4,0,0,0,4,3,7,0,0,0,2,6
Rule 522,3,3,0,0,0,2,1,3,0,0,0,3,6
Rule 523,3,6,0,0,0,2,1,3,0,0,0,0,6
Rule 524,3,3,0,0,0,3,0,3,0,0,0,3,6
Rule 525,7,2,0,0,0,4,3,7,0,0,0,4,6
Rule 526,4,2,0,0,0,3,1,4,0,0,0,4,6
Rule 527,3,4,0,0,0,0,3,3,0,0,0,2,6
Rule 528,3,0,0,0,0,2,1,3,0,0,0,6,6
Rule 529,2,4,0,0,0,1,1,2,0,0,0,2,6
Rule 530,6,5,0,0,0,2,4,6,0,0,0,1,6
Rule 531,4,4,0,0,0,1,3,4,0,0,0,2,6
Rule 532,3,4,0,0,0,2,1,3,0,0,0,2,6
Rule 533,6,1,0,0,0,3,3,6,0,0,0,5,6
Rule 534,3,4,0,0,0,2,1,3,0,0,0,2,6
Rule 535,1,4,0,0,0,1,0,1,0,0,0,2,6
Rule 536,2,4,0,0,0,1,1,2,0,0,0,2,6
Rule 537,5,4,0,0,0,2,3,5,0,0,0,2,6
Rule 538,1,3,0,0,0,0,1,1,0,0,0,3,6
Rule 539,8,4,0,0,0,4,4,8,0,0,0,2,6
Rule 540,6,4,0,0,0,3,3,6,0,0,0,2,6
Rule 541,2,2,0,0,0,2,0,2,0,0,0,4,6
Rule 542,1,0,0,0,0,0,1,1,0,0,0,6,6
Rule 543,2,3,0,0,0,1,1,2,0,0,0,3,6
Rule 544,2,4,0,0,0,1,1,2,0,0,0,2,6
Rule 545,2,4,0,0,0,1,1,2,0,0,0,2,6
Rule 546,2,4,0,0,0,0,2,2,0,0,0,2,6
Rule 547,12,3,0,0,0,5,7,12,0,0,0,3,6
Rule 548,3,2,0,0,0,0,3,3,0,0,0,4,6
Rule 549,2,3,0,0,0,0,2,2,0,0,0,3,6
Rule 550,7,6,0,0,0,6,1,7,0,0,0,0,6
Rule 551,2,3,0,0,0,0,2,2,0,0,0,3,6
Rule 552,2,3,0,0,0,1,1,2,0,0,0,3,6
Rule 553,2,4,0,0,0,2,0,2,0,0,0,2,6
Rule 554,2,3,0,0,0,1,1,2,0,0,0,3,6
Rule 555,4,3,0,0,0,2,2,4,0,0,0,3,6
Rule 556,1,3,0,0,0,0,1,1,0,0,0,3,6
Rule 557,8,5,0,0,0,5,3,8,0,0,0,1,6
Rule 558,2,4,0,0,0,1,1,2,0,0,0,2,6
Rule 559,6,0,0,0,0,2,4,6,0,0,0,6,6
Rule 560,5,5,0,0,0,3,2,5,0,0,0,1,6
Rule 561,4,6,0,0,0,2,2,4,0,0,0,0,6
Rule 562,2,3,0,0,0,2,0,2,0,0,0,3,6
Rule 563,9,4,0,0,0,6,3,9,0,0,0,2,6
Rule 564,2,3,0,0,0,2,0,2,0,0,0,3,6
Rule 565,3,4,0,0,0,2,1,3,0,0,0,2,6
Rule 566,1,2,0,0,0,0,1,1,0,0,0,4,6
Rule 567,5,5,0,0,0,3,2,5,0,0,0,1,6
Rule 568,4,6,0,0,0,3,1,4,0,0,0,0,6
Rule 569,3,2,0,0,0,2,1,3,0,0,0,4,6
Rule 570,2,3,0,0,0,0,2,2,0,0,0,3,6
Rule 571,1,4,0,0,0,1,0,1,0,0,0,2,6
Rule 572,2,1,0,0,0,1,1,2,0,0,0,5,6
Rule 573,6,4,0,0,0,3,3,6,0,0,0,2,6
Rule 574,3,4,0,0,0,1,2,3,0,0,0,2,6
Rule 575,4,2,0,0,0,3,1,4,0,0,0,4,6
Rule 576,5,0,0,0,0,3,2,5,0,0,0,6,6
Rule 577,3,4,0,0,0,2,1,3,0,0,0,2,6
Rule 578,4,3,0,0,0,2,2,4,0,0,0,3,6
Rule 579,2,6,0,0,0,0,2,2,0,0,0,0,6
Rule 580,3,2,0,0,0,2,1,3,0,0,0,4,6
Rule 581,5,1,0,0,0,1,4,5,0,0,0,5,6
Rule 582,3,3,0,0,0,2,1,3,0,0,0,3,6
Rule 583,3,4,0,0,0,1,2,3,0,0,0,2,6
Rule 584,3,5,0,0,0,1,2,3,0,0,0,1,6
Rule 585,2,2,0,0,0,0,2,2,0,0,0,4,6
Rule 586,1,3,0,0,0,0,1,1,0,0,0,3,6
Rule 587,3,5,0,0,0,2,1,3,0,0,0,1,6
Rule 588,3,3,0,0,0,2,1,3,0,0,0,3,6
Rule 589,3,3,0,0,0,2,1,3,0,0,0,3,6
Rule 590,3,1,0,0,0,3,0,3,0,0,0,5,6
Rule 591,3,5,0,0,0,1,2,3,0,0,0,1,6
Rule 592,4,3,0,0,0,2,2,4,0,0,0,3,6
Rule 593,4,1,0,0,0,2,2,4,0,0,0,5,6
Rule 594,2,4,0,0,0,1,1,2,0,0,0,2,6
Rule 595,5,2,0,0,0,3,2,5,0,0,0,4,6
Rule 596,3,3,0,0,0,1,2,3,0,0,0,3,6
Rule 597,2,3,0,0,0,1,1,2,0,0,0,3,6
Rule 598,4,2,0,0,0,1,3,4,0,0,0,4,6
Rule 599,3,3,0,0,0,2,1,3,0,0,0,3,6
Rule 600,3,2,0,0,0,2,1,3,0,0,0,4,6
Rule 601,4,3,0,0,0,0,4,4,0,0,0,3,6
Rule 602,3,6,0,0,0,2,1,3,0,0,0,0,6
Rule 603,4,2,0,0,0,2,2,4,0,0,0,4,6
Rule 604,3,3,0,0,0,2,1,3,0,0,0,3,6
Rule 605,2,3,0,0,0,1,1,2,0,0,0,3,6
Rule 606,5,2,0,0,0,2,3,5,0,0,0,4,6
Rule 607,1,3,0,0,0,0,1,1,0,0,0,3,6
Rule 608,1,3,0,0,0,0,1,1,0,0,0,3,6
Rule 609,4,5,0,0,0,3,1,4,0,0,0,1,6
Rule 610,2,3,0,0,0,1,1,2,0,0,0,3,6
Rule 611,2,2,0,0,0,1,1,2,0,0,0,4,6
Rule 612,2,2,0,0,0,1,1,2,0,0,0,4,6
Rule 613,1,4,0,0,0,1,0,1,0,0,0,2,6
Rule 614,5,1,0,0,0,1,4,5,0,0,0,5,6
Rule 615,2,4,0,0,0,1,1,2,0,0,0,2,6
Rule 616,3,3,0,0,0,1,2,3,0,0,0,3,6
Rule 617,5,4,0,0,0,2,3,5,0,0,0,2,6
Rule 618,4,3,0,0,0,3,1,4,0,0,0,3,6
Rule 619,1,3,0,0,0,0,1,1,0,0,0,3,6
Rule 620,6,2,0,0,0,3,3,6,0,0,0,4,6
Rule 621,3,4,0,0,0,3,0,3,0,0,0,2,6
Rule 622,4,3,0,0,0,2,2,4,0,0,0,3,6
Rule 623,5,6,0,0,0,2,3,5,0,0,0,0,6
Rule 624,6,5,0,0,0,4,2,6,0,0,0,1,6
Rule 625,4,2,0,0,0,3,1,4,0,0,0,4,6
Rule 626,3,2,0,0,0,2,1,3,0,0,0,4,6
Rule 627,2,1,0,0,0,1,1,2,0,0,0,5,6
Rule 628,3,3,0,0,0,1,2,3,0,0,0,3,6
Rule 629,4,3,0,0,0,3,1,4,0,0,0,3,6
Rule 630,2,3,0,0,0,1,1,2,0,0,0,3,6
Rule 631,3,4,0,0,0,3,0,3,0,0,0,2,6
Rule 632,2,3,0,0,0,2,0,2,0,0,0,3,6
Rule 633,3,3,0,0,0,3,0,3,0,0,0,3,6
Rule 634,5,3,0,0,0,4,1,5,0,0,0,3,6
Rule 635,5,3,0,0,0,2,3,5,0,0,0,3,6
Rule 636,8,2,0,0,0,5,3,8,0,0,0,4,6
Rule 637,8,4,0,0,0,5,3,8,0,0,0,2,6
Rule 638,5,3,0,0,0,4,1,5,0,0,0,3,6
Rule 639,9,1,0,0,0,4,5,9,0,0,0,5,6
Rule 640,3,4,0,0,0,2,1,3,0,0,0,2,6
Rule 641,2,2,0,0,0,1,1,2,0,0,0,4,6
Rule 642,1,3,0,0,0,0,1,1,0,0,0,3,6
Rule 643,2,3,0,0,0,1,1,2,0,0,0,3,6
Rule 644,4,3,0,0,0,3,1,4,0,0,0,3,6
Rule 645,1,3,0,0,0,1,0,1,0,0,0,3,6
Rule 646,3,2,0,0,0,1,2,3,0,0,0,4,6
Rule 647,3,4,0,0,0,2,1,3,0,0,0,2,6
Rule 648,3,4,0,0,0,1,2,3,0,0,0,2,6
Rule 649,3,4,0,0,0,2,1,3,0,0,0,2,6
Rule 650,5,0,0,0,0,3,2,5,0,0,0,6,6
Rule 651,2,0,0,0,0,1,1,2,0,0,0,6,6
Rule 652,5,6,0,0,0,2,3,5,0,0,0,0,6
Rule 653,2,3,0,0,0,2,0,2,0,0,0,3,6
Rule 654,3,2,0,0,0,3,0,3,0,0,0,4,6
Rule 655,5,6,0,0,0,4,1,5,0,0,0,0,6
Rule 656,2,3,0,0,0,2,0,2,0,0,0,3,6
Rule 657,1,3,0,0,0,1,0,1,0,0,0,3,6
Rule 658,3,3,0,0,0,2,1,3,0,0,0,3,6
Rule 659,4,2,0,0,0,2,2,4,0,0,0,4,6
Rule 660,1,2,0,0,0,1,0,1,0,0,0,4,6
Rule 661,2,4,0,0,0,1,1,2,0,0,0,2,6
Rule 662,3,3,0,0,0,2,1,3,0,0,0,3,6
Rule 663,2,3,0,0,0,1,1,2,0,0,0,3,6
Rule 664,2,2,0,0,0,1,1,2,0,0,0,4,6
Rule 665,5,3,0,0,0,2,3,5,0,0,0,3,6
Rule 666,5,3,0,0,0,2,3,5,0,0,0,3,6
Rule 667,6,3,0,0,0,3,3,6,0,0,0,3,6
Rule 668,2,4,0,0,0,1,1,2,0,0,0,2,6
Rule 669,4,3,0,0,0,3,1,4,0,0,0,3,6
Rule 670,4,3,0,0,0,2,2,4,0,0,0,3,6
Rule 671,3,3,0,0,0,2,1,3,0,0,0,3,6
Rule 672,3,4,0,0,0,1,2,3,0,0,0,2,6
Rule 673,3,2,0,0,0,1,2,3,0,0,0,4,6
Rule 674,2,3,0,0,0,0,2,2,0,0,0,3,6
Rule 675,2,1,0,0,0,0,2,2,0,0,0,5,6
Rule 676,4,3,0,0,0,1,3,4,0,0,0,3,6
Rule 677,4,3,0,0,0,2,2,4,0,0,0,3,6
Rule 678,1,5,0,0,0,0,1,1,0,0,0,1,6
Rule 679,2,3,0,0,0,0,2,2,0,0,0,3,6
Rule 680,4,3,0,0,0,1,3,4,0,0,0,3,6
Rule 681,3,5,0,0,0,0,3,3,0,0,0,1,6
Rule 682,3,1,0,0,0,1,2,3,0,0,0,5,6
Rule 683,8,4,0,0,0,6,2,8,0,0,0,2,6
Rule 684,6,4,0,0,0,3,3,6,0,0,0,2,6
Rule 685,2,3,0,0,0,1,1,2,0,0,0,3,6
Rule 686,1,2,0,0,0,1,0,1,0,0,0,4,6
Rule 687,4,2,0,0,0,4,0,4,0,0,0,4,6
Rule 688,3,1,0,0,0,1,2,3,0,0,0,5,6
Rule 689,4,4,0,0,0,2,2,4,0,0,0,2,6
Rule 690,7,3,0,0,0,4,3,7,0,0,0,3,6
Rule 691,6,2,0,0,0,4,2,6,0,0,0,4,6
Rule 692,3,5,0,0,0,1,2,3,0,0,0,1,6
Rule 693,2,4,0,0,0,1,1,2,0,0,0,2,6
Rule 694,3,4,0,0,0,2,1,3,0,0,0,2,6
Rule 695,3,5,0,0,0,2,1,3,0,0,0,1,6
Rule 696,3,2,0,0,0,2,1,3,0,0,0,4,6
Rule 697,1,2,0,0,0,1,0,1,0,0,0,4,6
Rule 698,5,3,0,0,0,3,2,5,0,0,0,3,6
Rule 699,4,4,0,0,0,2,2,4,0,0,0,2,6
Rule 700,3,3,0,0,0,0,3,3,0,0,0,3,6
Rule 701,3,4,0,0,0,2,1,3,0,0,0,2,6
Rule 702,5,2,0,0,0,3,2,5,0,0,0,4,6
Rule 703,2,3,0,0,0,1,1,2,0,0,0,3,6
Rule 704,1,3,0,0,0,1,0,1,0,0,0,3,6
Rule 705,2,4,0,0,0,1,1,2,0,0,0,2,6
Rule 706,2,1,0,0,0,0,2,2,0,0,0,5,6
Rule 707,2,5,0,0,0,1,1,2,0,0,0,1,6
Rule 708,2,6,0,0,0,1,1,2,0,0,0,0,6
Rule 709,4,0,0,0,0,1,3,4,0,0,0,6,6
Rule 710,5,4,0,0,0,4,1,5,0,0,0,2,6
Rule 711,1,2,0,0,0,0,1,1,0,0,0,4,6
Rule 712,3,4,0,0,0,2,1,3,0,0,0,2,6
Rule 713,1,2,0,0,0,0,1,1,0,0,0,4,6
Rule 714,3,2,0,0,0,2,1,3,0,0,0,4,6
Rule 715,5,1,0,0,0,2,3,5,0,0,0,5,6
Rule 716,2,2,0,0,0,1,1,2,0,0,0,4,6
Rule 717,6,3,0,0,0,3,3,6,0,0,0,3,6
Rule 718,1,5,0,0,0,0,1,1,0,0,0,1,6
Rule 719,3,5,0,0,0,3,0,3,0,0,0,1,6
Rule 720,3,6,0,0,0,1,2,3,0,0,0,0,6
Rule 721,4,6,0,0,0,2,2,4,0,0,0,0,6
Rule 722,7,2,0,0,0,5,2,7,0,0,0,4,6
Rule 723,7,0,0,0,0,4,3,7,0,0,0,6,6
Rule 724,5,4,0,0,0,5,0,5,0,0,0,2,6
Rule 725,2,3,0,0,0,0,2,2,0,0,0,3,6
Rule 726,4,3,0,0,0,2,2,4,0,0,0,3,6
Rule 727,3,3,0,0,0,1,2,3,0,0,0,3,6
Rule 728,2,5,0,0,0,2,0,2,0,0,0,1,6
Rule 729,2,3,0,0,0,1,1,2,0,0,0,3,6
Rule 730,1,3,0,0,0,0,1,1,0,0,0,3,6
Rule 731,2,1,0,0,0,1,1,2,0,0,0,5,6
Rule 732,3,2,0,0,0,1,2,3,0,0,0,4,6
Rule 733,3,3,0,0,0,2,1,3,0,0,0,3,6
Rule 734,3,3,0,0,0,1,2,3,0,0,0,3,6
Rule 735,4,4,0,0,0,1,3,4,0,0,0,2,6
Rule 736,5,3,0,0,0,3,2,5,0,0,0,3,6
Rule 737,6,3,0,0,0,2,4,6,0,0,0,3,6
Rule 738,3,3,0,0,0,3,0,3,0,0,0,3,6
Rule 739,2,3,0,0,0,2,0,2,0,0,0,3,6
Rule 740,3,3,0,0,0,0,3,3,0,0,0,3,6
Rule 741,2,3,0,0,0,1,1,2,0,0,0,3,6
Rule 742,2,4,0,0,0,1,1,2,0,0,0,2,6
Rule 743,2,4,0,0,0,1,1,2,0,0,0,2,6
Rule 744,3,3,0,0,0,2,1,3,0,0,0,3,6
Rule 745,1,3,0,0,0,0,1,1,0,0,0,3,6
Rule 746,2,4,0,0,0,1,1,2,0,0,0,2,6
Rule 747,2,1,0,0,0,1,1,2,0,0,0,5,6
Rule 748,4,3,0,0,0,1,3,4,0,0,0,3,6
Rule 749,2,3,0,0,0,0,2,2,0,0,0,3,6
Rule 750,6,2,0,0,0,2,4,6,0,0,0,4,6
Rule 751,1,4,0,0,0,1,0,1,0,0,0,2,6
Rule 752,1,4,0,0,0,1,0,1,0,0,0,2,6
Rule 753,2,3,0,0,0,0,2,2,0,0,0,3,6
Rule 754,2,2,0,0,0,2,0,2,0,0,0,4,6
Rule 755,2,3,0,0,0,0,2,2,0,0,0,3,6
Rule 756,3,3,0,0,0,3,0,3,0,0,0,3,6
Rule 757,4,2,0,0,0,3,1,4,0,0,0,4,6
Rule 758,2,2,0,0,0,0,2,2,0,0,0,4,6
Rule 759,3,6,0,0,0,2,1,3,0,0,0,0,6
Rule 760,2,3,0,0,0,1,1,2,0,0,0,3,6
Rule 761,1,3,0,0,0,0,1,1,0,0,0,3,6
Rule 762,8,1,0,0,0,3,5,8,0,0,0,5,6
Rule 763,5,5,0,0,0,4,1,5,0,0,0,1,6
Rule 764,6,3,0,0,0,3,3,6,0,0,0,3,6
Rule 765,3,3,0,0,0,1,2,3,0,0,0,3,6
Rule 766,1,4,0,0,0,1,0,1,0,0,0,2,6
Rule 767,6,1,0,0,0,3,3,6,0,0,0,5,6
Rule 768,2,3,0,0,0,2,0,2,0,0,0,3,6
Rule 769,1,3,0,0,0,0,1,1,0,0,0,3,6
Rule 770,2,4,0,0,0,1,1,2,0,0,0,2,6
Rule 771,1,3,0,0,0,0,1,1,0,0,0,3,6
Rule 772,4,2,0,0,0,1,3,4,0,0,0,4,6
Rule 773,3,0,0,0,0,3,0,3,0,0,0,6,6
Rule 774,4,4,0,0,0,3,1,4,0,0,0,2,6
Rule 775,2,1,0,0,0,1,1,2,0,0,0,5,6
Rule 776,2,2,0,0,0,1,1,2,0,0,0,4,6
Rule 777,3,3,0,0,0,2,1,3,0,0,0,3,6
Rule 778,1,2,0,0,0,1,0,1,0,0,0,4,6
Rule 779,5,5,0,0,0,3,2,5,0,0,0,1,6
Rule 780,3,2,0,0,0,1,2,3,0,0,0,4,6
Rule 781,1,5,0,0,0,1,0,1,0,0,0,1,6
Rule 782,8,1,0,0,0,6,2,8,0,0,0,5,6
Rule 783,4,5,0,0,0,3,1,4,0,0,0,1,6
Rule 784,2,6,0,0,0,2,0,2,0,0,0,0,6
Rule 785,6,1,0,0,0,2,4,6,0,0,0,5,6
Rule 786,2,4,0,0,0,1,1,2,0,0,0,2,6
Rule 787,3,1,0,0,0,2,1,3,0,0,0,5,6
Rule 788,1,4,0,0,0,1,0,1,0,0,0,2,6
Rule 789,3,5,0,0,0,2,1,3,0,0,0,1,6
Rule 790,3,3,0,0,0,1,2,3,0,0,0,3,6
Rule 791,2,1,0,0,0,1,1,2,0,0,0,5,6
Rule 792,2,3,0,0,0,1,1,2,0,0,0,3,6
Rule 793,3,3,0,0,0,2,1,3,0,0,0,3,6
Rule 794,2,3,0,0,0,0,2,2,0,0,0,3,6
Rule 795,7,1,0,0,0,3,4,7,0,0,0,5,6
Rule 796,4,3,0,0,0,1,3,4,0,0,0,3,6
Rule 797,5,2,0,0,0,1,4,5,0,0,0,4,6
Rule 798,2,3,0,0,0,2,0,2,0,0,0,3,6
Rule 799,3,3,0,0,0,0,3,3,0,0,0,3,6
Rule 800,3,5,0,0,0,1,2,3,0,0,0,1,6
Rule 801,5,1,0,0,0,4,1,5,0,0,0,5,6
Rule 802,1,3,0,0,0,0,1,1,0,0,0,3,6
Rule 803,6,3,0,0,0,3,3,6,0,0,0,3,6
Rule 804,2,4,0,0,0,2,0,2,0,0,0,2,6
Rule 805,4,4,0,0,0,3,1,4,0,0,0,2,6
Rule 806,6,3,0,0,0,2,4,6,0,0,0,3,6
Rule 807,3,2,0,0,0,2,1,3,0,0,0,4,6
Rule 808,3,3,0,0,0,2,1,3,0,0,0,3,6
Rule 809,3,4,0,0,0,2,1,3,0,0,0,2,6
Rule 810,4,4,0,0,0,3,1,4,0,0,0,2,6
Rule 811,5,4,0,0,0,1,4,5,0,0,0,2,6
Rule 812,2,3,0,0,0,2,0,2,0,0,0,3,6
Rule 813,2,3,0,0,0,2,0,2,0,0,0,3,6
Rule 814,3,1,0,0,0,2,1,3,0,0,0,5,6
Rule 815,2,5,0,0,0,0,2,2,0,0,0,1,6
Rule 816,1,2,0,0,0,0,1,1,0,0,0,4,6
Rule 817,3,2,0,0,0,2,1,3,0,0,0,4,6
Rule 818,2,4,0,0,0,1,1,2,0,0,0,2,6
Rule 819,3,3,0,0,0,2,1,3,0,0,0,3,6
Rule 820,2,3,0,0,0,2,0,2,0,0,0,3,6
Rule 821,3,4,0,0,0,2,1,3,0,0,0,2,6
Rule 822,5,4,0,0,0,3,2,5,0,0,0,2,6
Rule 823,2,3,0,0,0,1,1,2,0,0,0,3,6
Rule 824,3,2,0,0,0,2,1,3,0,0,0,4,6
Rule 825,5,4,0,0,0,3,2,5,0,0,0,2,6
Rule 826,4,2,0,0,0,3,1,4,0,0,0,4,6
Rule 827,3,3,0,0,0,2,1,3,0,0,0,3,6
Rule 828,2,4,0,0,0,1,1,2,0,0,0,2,6
Rule 829,1,2,0,0,0,1,0,1,0,0,0,4,6
Rule 830,3,1,0,0,0,1,2,3,0,0,0,5,6
Rule 831,3,4,0,0,0,2,1,3,0,0,0,2,6
Rule 832,2,4,0,0,0,2,0,2,0,0,0,2,6
Rule 833,3,2,0,0,0,2,1,3,0,0,0,4,6
Rule 834,2,3,0,0,0,0,2,2,0,0,0,3,6
Rule 835,3,3,0,0,0,2,1,3,0,0,0,3,6
Rule 836,1,2,0,0,0,0,1,1,0,0,0,4,6
Rule 837,3,3,0,0,0,2,1,3,0,0,0,3,6
Rule 838,3,2,0,0,0,2,1,3,0,0,0,4,6
Rule 839,6,4,0,0,0,4,2,6,0,0,0,2,6
Rule 840,4,4,0,0,0,3,1,4,0,0,0,2,6
Rule 841,4,3,0,0,0,1,3,4,0,0,0,3,6
Rule 842,3,3,0,0,0,2,1,3,0,0,0,3,6
Rule 843,6,2,0,0,0,4,2,6,0,0,0,4,6
Rule 844,2,1,0,0,0,1,1,2,0,0,0,5,6
Rule 845,1,5,0,0,0,0,1,1,0,0,0,1,6
Rule 846,3,3,0,0,0,1,2,3,0,0,0,3,6
Rule 847,2,4,0,0,0,0,2,2,0,0,0,2,6
Rule 848,2,4,0,0,0,0,2,2,0,0,0,2,6
Rule 849,1,1,0,0,0,0,1,1,0,0,0,5,6
Rule 850,3,2,0,0,0,2,1,3,0,0,0,4,6
Rule 851,4,3,0,0,0,3,1,4,0,0,0,3,6
Rule 852,4,3,0,0,0,3,1,4,0,0,0,3,6
Rule 853,4,1,0,0,0,1,3,4,0,0,0,5,6
Rule 854,6,2,0,0,0,3,3,6,0,0,0,4,6
Rule 855,2,5,0,0,0,1,1,2,0,0,0,1,6
Rule 856,5,5,0,0,0,4,1,5,0,0,0,1,6
Rule 857,2,4,0,0,0,1,1,2,0,0,0,2,6
Rule 858,2,4,0,0,0,1,1,2,0,0,0,2,6
Rule 859,1,4,0,0,0,0,1,1,0,0,0,2,6
Rule 860,2,4,0,0,0,1,1,2,0,0,0,2,6
Rule 861,4,3,0,0,0,3,1,4,0,0,0,3,6
Rule 862,2,3,0,0,0,1,1,2,0,0,0,3,6
Rule 863,4,2,0,0,0,2,2,4,0,0,0,4,6
Rule 864,2,3,0,0,0,1,1,2,0,0,0,3,6
Rule 865,1,5,0,0,0,0,1,1,0,0,0,1,6
Rule 866,4,4,0,0,0,3,1,4,0,0,0,2,6
Rule 867,4,2,0,0,0,3,1,4,0,0,0,4,6
Rule 868,2,2,0,0,0,2,0,2,0,0,0,4,6
Rule 869,3,2,0,0,0,2,1,3,0,0,0,4,6
Rule 870,1,3,0,0,0,0,1,1,0,0,0,3,6
Rule 871,4,2,0,0,0,4,0,4,0,0,0,4,6
Rule 872,4,2,0,0,0,1,3,4,0,0,0,4,6
Rule 873,3,4,0,0,0,2,1,3,0,0,0,2,6
Rule 874,1,2,0,0,0,0,1,1,0,0,0,4,6
Rule 875,2,3,0,0,0,1,1,2,0,0,0,3,6
Rule 876,2,4,0,0,0,0,2,2,0,0,0,2,6
Rule 877,2,4,0,0,0,1,1,2,0,0,0,2,6
Rule 878,4,2,0,0,0,3,1,4,0,0,0,4,6
Rule 879,4,2,0,0,0,2,2,4,0,0,0,4,6
Rule 880,1,2,0,0,0,0,1,1,0,0,0,4,6
Rule 881,2,4,0,0,0,2,0,2,0,0,0,2,6
Rule 882,2,2,0,0,0,0,2,2,0,0,0,4,6
Rule 883,4,2,0,0,0,3,1,4,0,0,0,4,6
Rule 884,3,4,0,0,0,2,1,3,0,0,0,2,6
Rule 885,5,5,0,0,0,4,1,5,0,0,0,1,6
Rule 886,3,4,0,0,0,2,1,3,0,0,0,2,6
Rule 887,2,5,0,0,0,1,1,2,0,0,0,1,6
Rule 888,4,2,0,0,0,2,2,4,0,0,0,4,6
Rule 889,2,3,0,0,0,1,1,2,0,0,0,3,6
Rule 890,2,2,0,0,0,2,0,2,0,0,0,4,6
Rule 891,5,2,0,0,0,3,2,5,0,0,0,4,6
Rule 892,3,3,0,0,0,1,2,3,0,0,0,3,6
Rule 893,3,3,0,0,0,3,0,3,0,0,0,3,6
Rule 894,1,1,0,0,0,0,1,1,0,0,0,5,6
Rule 895,1,2,0,0,0,1,0,1,0,0,0,4,6
Rule 896,1,3,0,0,0,1,0,1,0,0,0,3,6
Rule 897,2,4,0,0,0,1,1,2,0,0,0,2,6
Rule 898,2,3,0,0,0,2,0,2,0,0,0,3,6
Rule 899,3,0,0,0,0,2,1,3,0,0,0,6,6
Rule 900,5,2,0,0,0,2,3,5,0,0,0,4,6
Rule 901,3,4,0,0,0,2,1,3,0,0,0,2,6
Rule 902,4,4,0,0,0,3,1,4,0,0,0,2,6
Rule 903,5,0,0,0,0,2,3,5,0,0,0,6,6
Rule 904,2,3,0,0,0,0,2,2,0,0,0,3,6
Rule 905,3,2,0,0,0,2,1,3,0,0,0,4,6
Rule 906,5,3,0,0,0,3,2,5,0,0,0,3,6
Rule 907,3,4,0,0,0,1,2,3,0,0,0,2,6
Rule 908,7,4,0,0,0,5,2,7,0,0,0,2,6
Rule 909,3,3,0,0,0,1,2,3,0,0,0,3,6
Rule 910,1,2,0,0,0,0,1,1,0,0,0,4,6
Rule 911,3,2,0,0,0,3,0,3,0,0,0,4,6
Rule 912,4,2,0,0,0,2,2,4,0,0,0,4,6
Rule 913,3,2,0,0,0,2,1,3,0,0,0,4,6
Rule 914,3,5,0,0,0,2,1,3,0,0,0,1,6
Rule 915,2,4,0,0,0,0,2,2,0,0,0,2,6
Rule 916,1,3,0,0,0,1,0,1,0,0,0,3,6
Rule 917,4,5,0,0,0,2,2,4,0,0,0,1,6
Rule 918,3,2,0,0,0,3,0,3,0,0,0,4,6
Rule 919,3,2,0,0,0,2,1,3,0,0,0,4,6
Rule 920,6,4,0,0,0,3,3,6,0,0,0,2,6
Rule 921,3,4,0,0,0,2,1,3,0,0,0,2,6
Rule 922,1,3,0,0,0,0,1,1,0,0,0,3,6
Rule 923,1,2,0,0,0,0,1,1,0,0,0,4,6
Rule 924,5,4,0,0,0,2,3,5,0,0,0,2,6
Rule 925,1,3,0,0,0,1,0,1,0,0,0,3,6
Rule 926,2,5,0,0,0,1,1,2,0,0,0,1,6
Rule 927,3,0,0,0,0,2,1,3,0,0,0,6,6
Rule 928,4,5,0,0,0,3,1,4,0,0,0,1,6
Rule 929,2,3,0,0,0,0,2,2,0,0,0,3,6
Rule 930,2,3,0,0,0,2,0,2,0,0,0,3,6
Rule 931,4,4,0,0,0,1,3,4,0,0,0,2,6
Rule 932,3,3,0,0,0,1,2,3,0,0,0,3,6
Rule 933,3,4,0,0,0,0,3,3,0,0,0,2,6
Rule 934,4,0,0,0,0,3,1,4,0,0,0,6,6
Rule 935,1,3,0,0,0,0,1,1,0,0,0,3,6
Rule 936,2,1,0,0,0,1,1,2,0,0,0,5,6
Rule 937,2,2,0,0,0,1,1,2,0,0,0,4,6
Rule 938,6,4,0,0,0,4,2,6,0,0,0,2,6
Rule 939,5,2,0,0,0,3,2,5,0,0,0,4,6
Rule 940,3,1,0,0,0,1,2,3,0,0,0,5,6
Rule 941,3,4,0,0,0,1,2,3,0,0,0,2,6
Rule 942,5,5,0,0,0,3,2,5,0,0,0,1,6
Rule 943,2,3,0,0,0,1,1,2,0,0,0,3,6
Rule 944,1,2,0,0,0,0,1,1,0,0,0,4,6
Rule 945,2,3,0,0,0,2,0,2,0,0,0,3,6
Rule 946,7,2,0,0,0,6,1,7,0,0,0,4,6
Rule 947,4,3,0,0,0,2,2,4,0,0,0,3,6
Rule 948,6,2,0,0,0,4,2,6,0,0,0,4,6
Rule 949,4,3,0,0,0,2,2,4,0,0,0,3,6
Rule 950,4,1,0,0,0,1,3,4,0,0,0,5,6
Rule 951,2,4,0,0,0,1,1,2,0,0,0,2,6
Rule 952,4,5,0,0,0,2,2,4,0,0,0,1,6
Rule 953,6,2,0,0,0,4,2,6,0,0,0,4,6
Rule 954,2,5,0,0,0,1,1,2,0,0,0,1,6
Rule 955,2,3,0,0,0,2,0,2,0,0,0,3,6
Rule 956,3,3,0,0,0,2,1,3,0,0,0,3,6
Rule 957,2,2,0,0,0,1,1,2,0,0,0,4,6
Rule 958,2,2,0,0,0,1,1,2,0,0,0,4,6
Rule 959,4,2,0,0,0,3,1,4,0,0,0,4,6
Rule 960,1,2,0,0,0,0,1,1,0,0,0,4,6
Rule 961,1,2,0,0,0,1,0,1,0,0,0,4,6
Rule 962,2,5,0,0,0,1,1,2,0,0,0,1,6
Rule 963,3,2,0,0,0,1,2,3,0,0,0,4,6
Rule 964,1,2,0,0,0,0,1,1,0,0,0,4,6
Rule 965,7,3,0,0,0,5,2,7,0,0,0,3,6
Rule 966,3,4,0,0,0,3,0,3,0,0,0,2,6
Rule 967,5,3,0,0,0,4,1,5,0,0,0,3,6
Rule 968,3,5,0,0,0,1,2,3,0,0,0,1,6
Rule 969,2,3,0,0,0,1,1,2,0,0,0,3,6
Rule 970,3,2,0,0,0,2,1,3,0,0,0,4,6
Rule 971,3,3,0,0,0,2,1,3,0,0,0,3,6
Rule 972,4,3,0,0,0,1,3,4,0,0,0,3,6
Rule 973,4,5,0,0,0,2,2,4,0,0,0,1,6
Rule 974,2,4,0,0,0,1,1,2,0,0,0,2,6
Rule 975,4,3,0,0,0,2,2,4,0,0,0,3,6
Rule 976,2,2,0,0,0,2,0,2,0,0,0,4,6
Rule 977,2,1,0,0,0,1,1,2,0,0,0,5,6
Rule 978,2,3,0,0,0,0,2,2,0,0,0,3,6
Rule 979,3,2,0,0,0,1,2,3,0,0,0,4,6
Rule 980,9,2,0,0,0,5,4,9,0,0,0,4,6
Rule 981,2,2,0,0,0,2,0,2,0,0,0,4,6
Rule 982,6,2,0,0,0,2,4,6,0,0,0,4,6
Rule 983,2,4,0,0,0,2,0,2,0,0,0,2,6
Rule 984,1,3,0,0,0,0,1,1,0,0,0,3,6
Rule 985,6,5,0,0,0,3,3,6,0,0,0,1,6
Rule 986,3,4,0,0,0,0,3,3,0,0,0,2,6
Rule 987,3,1,0,0,0,3,0,3,0,0,0,5,6
Rule 988,4,4,0,0,0,2,2,4,0,0,0,2,6
Rule 989,2,3,0,0,0,0,2,2,0,0,0,3,6
Rule 990,3,2,0,0,0,1,2,3,0,0,0,4,6
Rule 991,5,1,0,0,0,3,2,5,0,0,0,5,6
Rule 992,3,4,0,0,0,2,1,3,0,0,0,2,6
Rule 993,3,3,0,0,0,2,1,3,0,0,0,3,6
Rule 994,2,3,0,0,0,2,0,2,0,0,0,3,6
Rule 995,2,3,0,0,0,0,2,2,0,0,0,3,6
Rule 996,4,1,0,0,0,2,2,4,0,0,0,5,6
Rule 997,3,1,0,0,0,3,0,3,0,0,0,5,6
Rule 998,2,4,0,0,0,0,2,2,0,0,0,2,6
Rule 999,4,5,0,0,0,3,1,4,0,0,0,1,6
Rule 1000,6,4,0,0,0,3,3,6,0,0,0,2,6
